AD DEMOSTHENEM. ⁷ 26

1111111 1661Β61111611616166658611.Ρ611666· 5566666116 6. 111. 65 1111166. ΙΧ. 885. 0.
6666 1111666.Χ11’Ῐ 6. 615. C. 16 116661156 Pseudo-Phaloria 0111111. (XXV.) 1611.
. 116666666116616 6. 6161661616, 1666, 616 11μῖ1 hege, 111 1116116015 61111616, 6111661165.
1611 Ι 661161161666166616166166161- 194. 6. 76161. 65861161. 916616. 1866. 616
66616. (1666 66616 6161611 1111661161. 655616.) 65116616111. 6. 849. “
,5616166116 616. 1065-9. lege. 6666616666 6566166166-616, 66616 6666.
61 'M' 1661666 116611, 661 ex 66616616. 566. Ρ1611. 11. 6. 78, 5. 11661116 6161616. =
161616 661661651166. 1666111616. 495, 9. 11666. 56 066. 818, 8. 616 6156, 7. leg.
omittitur 16666611116611166. 878, 8. 5115. 587, 17. 541, 17. 547, 4.
[4] 844,17. 11666 16616ιῖ1 6616, aaz, 574, 15. 866161Ῥ6661. 711. 65. monn·
5666611661 μετὰ 6618’,1661 7616666161· 5616111611. 7116666. 618. 66 616.1166.(6156
611161,116ξ1616-616611.1616η11161-·· 11. Ρ. 1166. 6. 78. 65. 611.) 516616. 6. 71-
1616666666116666666116661 16616566166. 1161 11166611. 6. 24, 2. 111 l 6 616 61μ’ ly&
661611611161661161. 066166 1161616166 6616 01111. 6. 84,18. 11611 . 66 16661.
661661 56161666 66161161, 61 eius 1161666 16- 6611166 66665110616111. 06666. 6. 1161,
1611165. Ejus 6661611166, 166666 666666 1166616666661661166116666. ’
6666666616, 6616 1666611161 66616 16616- ·” 551, 11. 1161666 66161616 16166 6. 896.
1111. 1166 66616 1611666 ex p. 48811. 6611616Ε66111666.44,80-45,14.
489,17.116661. 51661166 661616 6661651 35161. luminam. 66616 116166·
6661,1.16165166666-8.1161,1χ66- 6661.61861161.111616·61 611116661666,
mmmm, 66161111-661661666-8. 4011711. · '
661, 1666611161-1616616666661166, 111ξ1116 [7] 855, 20. 166 [1661116616βό6 6551161,
-. 81661116 6661166611117116666. 6. 741,1. 6661 1616166161 6611111661 65111666 6616661.
1111 6616 6156 6. 186. 81 651666666161611,161661·1666616161666-
[5] 847, 10. 111611166116. 6. 48, 1. rem, 6161666μ61.’6λλ’ 1666161618. 611-
66666 65116. 84. 61 6166166 6. 44, 14 6161, 61 151166π16(661 61661616) 6116
*11. , «6661661661. 61 166511 55810. 11, «bn
347, 16. 11186161. 0166616666 0116161· summme-rapas. 816 116161. 66 6666.
566616, 51661116. 6. 44, 2. 865 865,18. 61611-611166.66166·11·
8486852.Ρ1611166.11.6.78.5661616. 6116661, 611111 61115166. 3661611166. 6. 77,
.14, 1-21. 49, 87. 84. ·
ἡ ι15411, 17. 6. 661μ11161’,16·16 6166111111· 857, 26. 6661 threna 6616666 16611666.
6611 - 66611611 6666616 6616 16 11666615. 666666 , 1666 66616 66116161 655. 16166 411,
m. 86666 6. 345, 6. 7. ml 66111116 1161 16111116 61116666, 6166
34616.061161161161661661116111. 61116. 6666 , n 4 ,
1666111616161161116, 661111111116616166 858, 11. 1111116, 161 1111 701061110-
-611160116-.6.11ι1611116’-. ⁸ ⁴ ἱ ὴ
850, 5. simplicissimum 661, 611666 oum 11010 ’61111 6611111(611161)1166. 1166661,
166166 561666, 61 661661 66 Ι11666, 66616 666 166116 6 6161116116 616665661 666611 ox
16611666 666 mne. 01161 5651661 6. 985. 66856, 7. 655151. Adde Phss. 11. .78,
6116111, moe 11666 566666 616616. 6116166 14. Vide 16166 48010. 066116 6616.
- 6616166 16166 6. sem. 66161 -161116 0166. 6. 68, 6. 61161 56161 766166. 666616
86819. vodan-vomu 6. 61611611. 111. 66 66616.

688411. 859, 4. 61 865, 1. 6616 move 11μὶ1 .
[6] 851,11. Malim, 111 1661661166, 61 1166161666. 1115. 516611. 8. 11. 6. 45.18.
6.’44“1,7.11611611.186616.0166.6. 89,11. [8] 859,15. 51611161, 1 Υ 16. 1166661

161666. 870, 10. 816 61 56161666. 67110. wau, 661 1 11 μ. ’6. 116.

851,18. Nunc 6661116, mun, 161111 86118761 6661 16666. 561665. im,
61 66666816.1.1.111616.6616. (161111 6661 661 166. ἄλλᾳ, 61666. Β“66. 666 6. 1. --
1611161116616. 408,1. 661. 2 6666.) 5616151166 666. 166. 871, mima 6616 ‘Mi

7116616.611111’166661166111(1611’). In· 161 616. 1666661616 655. 881, 9. (516-

1611161166116661611,1111165661. 6. som. 66166.56.61λλ111-μ61116 1666. 56 ym-
16661161 de Pac. 59, 7. 56161666. 688, 20. 6666116 187, 1. 611 [11161] 1111116, 6611.
688, 7. 667, 18. 11616115. 1306, 611. 6111 Aug. 1. 11. bug. 868, 9. 6116 1111116 [Ἓλ.
166 6156. De 1666 16 Phil. 86161616161116, 16611] 666. 1666 661616 edd. Lysian 6. nn-
6666 1156 67. -11661 lectiones, 61 6616, 166116. 6. 118, 15. ’1111661 1666. 561. 6661
, 1666661,16111616161161116,6616666166· 5166116656.)116161666 61611161 ἄλλο, do-
66611616611661661611611116. 865161666666- prunum ex 11116 661 1111611 6661616 ’
16616166 6116116666 666666. 116 6666 66666 16611161, 666 666 6. ’11. ut
1661166666616611616 666 mulo, 6161 6665 1161611116 66161, 665 666 616666. 76616
56166561616166611611661161. 66116 860. 17. 51166 6611 6616161611 (161

6661611.. 1666166661... vea- nam) 6161. m, 16. uam ..6. 61-
661, 161 16166 6. 899, 18. 116 61611616 66616 m 6118661161. 66166611 6111. 666111, mon
616166. 1. 666 65 414, 4. 161116, 11666661 111.,116116166616, 611. 611661 6111111-

 

