’111 6166061166 161616161116 1161166111.

66 11111, 66611116 6616616616 16661 8. p, 421. 111161. 22, 40-42.
181611. 1616. 578, 22. . 422,18. Malim, 1666616611 m 611·
[18] 410, 8. ‘m' 11111161 16111 661661, ‘nv 6611661111.1611111116,16161116 6166111161
161166666616611660661(111166292,14.), &him 61166161611111.
figur· 6111161166, 66 qua 8111166161. 66 414, 4. 8111. 111. p. 121, 7.
, 8116161406. 86611 p. 292, 19111111 421160. 86111161· 111 61116 nam
1611666661 11661616 ens, 6111111161. 116 1116161 ⁸1⁸⁸· ‘¹¹¹⁰ MSS·
06166. 260, 21. 611 11- 1111161 Muk— , [22] 424, 22. ‘ne-Ine 1616611161 661
166666, que· 61161666 1116 6661661666, paviae 11111611, 1161 6111666861. 1. 2.
1161116111-. W& 661 66166161, 61 116111666166116
¹ 412, 10. 111111611118166116. (161116166166,6666166166 661611616611-
4142161666. 6 6 6 6 6 6111 111- 116) 1122. 861166661. puqu 1 16ς616161
1111661 61 aliquid 616166111. Phil. III. 124, 24. 06161661 6161116 666·
[19] 414, 8. 11111166 ie„ 16171. In 1166 sunio lectionum 6116166166 16 16616116
16661611116611161 11111661. 111116111 1111111- 66. 81111.16611425, 25. 11 1661161611-
,aa 1811, 1111 11 611111 1111, 1111 11 6161 11- nav-aaz 1616116.
1111161166111111166 06166. 267, 6. 210, [22] 426,4. 6111616[..1]1.1·1.-.
20. 66 116166. 82, 2. 5. 6. 18161111. 6. 4268161111 16110·- 11116 6661661161.
0161. p. 81, 27. 61 11111. 8166 1161661661 111111 1611611161 pon longum 66166016ιί6
66 1611166186616116 Grae· p. 598. 66. ex 425, 27.
8111166.161μ61“.1111166161.644,19, 649, 426, 15. [61 1161111161] 6116. 16616
18. 652,17. νόμιμος 81111.111.123,22. 66161 111111. 061666 6611661616, 661 6.
Lagentium 61666 16 w* 61111616 ieme. 61111χ61,11166611611 1611611. 1 11 ufkun.
261161. 898,15.11111616·1111111. . 661161111.11.161116 noe 16661111 111161
416, 21. Diuique, 111 “ 'An-ombu- 11611611 offer 16 accept ,1116161 ww 61666
ται-1601116618 111 111 γι. 1111 1616116. 16 1611111111. 866 6666 61666161 daff-
nnnplt 1661 61 ’1161116166 p. 24, 26- 6161116116161111 11χ. -6416 pluo 66-
25, 7. 86616 6616 Imm 66116 116161. 6 16661. 86111 'hylum 66 61. 66 06166.
6661661661.. prop. 1111. 6661166111 16161 6161166161686-
417,7.11616,1111611 41-. 61 1166 1111161666. . “
prime. ”“ 166, 11. Imm-mmm·
[20] 418, 14. 11666661 8616166161. hoo· 11. Ρ. 66 811166. 91. ’
11161111. p. 182, Β. 11 1611661 ‘melum [24] 427,9. 1166861111, 1111611 1111161.
66111160161161116, 11 1611161111 661 66. 861 6616 ’8111616 >a 616 11. 8166 66 po-
1111611111661166616116. 1166, ημίζιπ· 1111[16111πς] 1μ11-.
· 419,4.66186611.16116.1861161666 427,26.111116μγ1161[66616610616,
116611 ponit 0666616661 legino 11111 6166166616161666666611166 . =
1116111611,61166616111419, 14. 161611116- 428,,17. ’16 mam [16116] 0116111.
1661, 11161 (1. 6.’1γγ1.ς) 1111χ111161. ‹Iu-m 111. 22, 6. ‘nbc 1116611 [16116111] 611161
1111161111111306.16162661111110613) 616 1166 61 16 p. 299, 22. 116616 1611616
411114. 8161161616 661611. 011116166 6161 1666. 661. Β. 412, 17. 8161611116.
“ 1111” 11 “ 1161 If& 1111χ16161” 11161, 460,11.461,5. 066161. Athen. 18146.
wau-mmm, 11-61 6611 1166111, 1166- 8. 6616 8111. 264. 11. 8. leg. 288, 18.
6111611611 8161161616 6116, jam 616116 scca· 166116 Iege. 166661 6161111661, 61 661616
61111111 1161611 -. 0611166616 Im, 1166661661666161616616161 661 ww.
861161. 1161661. 11. t. 867. 1111666161. 61 066161606166. 211, 27. 16616 mk.
86111. 861661, 861161. 8161. p. 10. 11616, 1611611 6111161111616161111166611668616.
1616,11111111,161116290,1.412,2. (816. 296. 61166 pro 11111 161. Τ. 558. 66.
’11111611161661ρ.786,22.)1661420, 6111116111 8. D. 81661.11. 66 Ari·-
14. 6. 261161. 1. p. 820, 22. 11161 11 ibid. 61661. 8161. 819. 980. 1116. 0. 1148.
817,1. 81616 Thus. [6129011. 81. 166161161111. ,-
816 Pham. 956, 1. f 422,1. 06616616666,6’616χ616616,61
[21] 419, 20. Μ116 6611111118. 1666 111 χορ11161χ6ργίς.
1611111111. 86116. 1161661. 575. Lysia p. 485, 1. anfi, 661 6611111 661161-
160, 241116 ρ.120.]21111661.11.1122. 61616116, 6611666 61111161 161 -111, 661.
11111 111611161661611 1611661611 11161166 1611111, 6166 06166. 2288. 0611166 16116,
81111. 11111610.1111616611.1111.412. 16- et per 1116161161 tuorum 666116 jurabas.
11661161 6111611111. 1661616616. 1161ἰι1χ11 6611211666611686161.
421,4. Longum 611111166661 66 ou- 111. p. 852, 14. 661116616611111. optino
1161666616 1111111166616116166116- 116111. 61 616 tm 1111616 666. 1116. 19.
6116611161611016111166 6621-2266616 (864, 16. 611 61161116 16116116) 860, 2.
11111 ρ. 24, 24. 61 42. 6611116 06616611. 861,6.8.016616611661116660666’6. χ

0000000

 

